./data/Processed/TFRecord_w100_s100
Attack: DoS ===============
Window size = 100, strided = 100
Reading ./data/Car-Hacking/DoS_dataset.csv: done
Pre-processing: Done
Aggregating data: Done
#Normal:                                                 timestamp  ... label
0      [1478198376.389427, 1478198376.389636, 1478198...  ...     0
1      [1478198376.443541, 1478198376.443789, 1478198...  ...     0
2      [1478198376.496431, 1478198376.499462, 1478198...  ...     0
3      [1478198376.55004, 1478198376.550273, 14781983...  ...     0
4      [1478198376.605383, 1478198376.605621, 1478198...  ...     0
...                                                  ...  ...   ...
36652  [1478201208.750322, 1478201208.750572, 1478201...  ...     0
36653  [1478201208.803244, 1478201208.803924, 1478201...  ...     0
36654  [1478201208.859131, 1478201208.860108, 1478201...  ...     0
36655  [1478201208.911917, 1478201208.912934, 1478201...  ...     0
36656  [1478201208.964885, 1478201208.967828, 1478201...  ...     0

[25593 rows x 4 columns]
#Attack:                                                 timestamp  ... label
14     [1478198377.144222, 1478198377.144471, 1478198...  ...     1
15     [1478198377.191197, 1478198377.191443, 1478198...  ...     1
16     [1478198377.236475, 1478198377.236719, 1478198...  ...     1
17     [1478198377.283492, 1478198377.283739, 1478198...  ...     1
18     [1478198377.362428, 1478198377.36276, 14781983...  ...     1
...                                                  ...  ...   ...
26752  [1478200649.804007, 1478200649.804249, 1478200...  ...     1
26753  [1478200650.093461, 1478200650.093948, 1478200...  ...     1
26754  [1478200650.3927, 1478200650.398395, 147820065...  ...     1
26755  [1478200650.734127, 1478200650.73999, 14782006...  ...     1
26756  [1478200651.216955, 1478200651.22266, 14782006...  ...     1

[11064 rows x 4 columns]
./data/Processed/TFRecord_w100_s100
Attack: DoS ===============
Window size = 100, strided = 100
Reading ./data/Car-Hacking/DoS_dataset.csv: done
Pre-processing: Done
Aggregating data: Done
#Normal:  0        [[0, 3, 1, 6], [0, 1, 8, 15], [0, 2, 6, 0], [0...
1        [[0, 4, 11, 1], [0, 1, 15, 1], [0, 1, 5, 3], [...
2        [[0, 4, 4, 0], [0, 3, 1, 6], [0, 1, 8, 15], [0...
3        [[0, 2, 10, 0], [0, 3, 2, 9], [0, 5, 4, 5], [0...
4        [[0, 1, 3, 0], [0, 1, 3, 1], [0, 1, 4, 0], [0,...
                               ...                        
36652    [[0, 2, 12, 0], [0, 3, 7, 0], [0, 4, 4, 0], [0...
36653    [[0, 3, 5, 0], [0, 1, 3, 0], [0, 1, 3, 1], [0,...
36654    [[0, 5, 4, 5], [0, 4, 3, 15], [0, 2, 12, 0], [...
36655    [[0, 1, 5, 3], [0, 1, 3, 0], [0, 1, 3, 1], [0,...
36656    [[0, 0, 10, 1], [0, 3, 1, 6], [0, 1, 8, 15], [...
Name: header, Length: 25593, dtype: object
#Attack:  14       [[0, 0, 0, 2], [0, 2, 12, 0], [0, 3, 5, 0], [0...
15       [[0, 0, 0, 0], [0, 5, 4, 5], [0, 0, 0, 0], [0,...
16       [[0, 3, 5, 0], [0, 0, 0, 0], [0, 3, 7, 0], [0,...
17       [[0, 4, 3, 0], [0, 0, 0, 0], [0, 2, 12, 0], [0...
18       [[0, 0, 0, 0], [0, 0, 0, 0], [0, 0, 0, 0], [0,...
                               ...                        
26752    [[0, 0, 0, 0], [0, 3, 2, 9], [0, 0, 0, 0], [0,...
26753    [[0, 0, 0, 0], [0, 0, 0, 0], [0, 3, 7, 0], [0,...
26754    [[0, 0, 0, 0], [0, 1, 4, 0], [0, 2, 12, 0], [0...
26755    [[0, 0, 0, 0], [0, 0, 0, 0], [0, 0, 0, 0], [0,...
26756    [[0, 0, 0, 0], [0, 0, 0, 0], [0, 0, 0, 0], [0,...
Name: header, Length: 11064, dtype: object
./data/Processed/TFRecord_w100_s100
Attack: DoS ===============
Window size = 100, strided = 100
Reading ./data/Car-Hacking/DoS_dataset.csv: done
Pre-processing: Done
Data output [1.47819838e+09 1.47819838e+09 1.47819838e+09 1.47819838e+09
 1.47819838e+09 1.47819838e+09 1.47819838e+09 1.47819838e+09
 1.47819838e+09 1.47819838e+09 1.47819838e+09 1.47819838e+09
 1.47819838e+09 1.47819838e+09 1.47819838e+09 1.47819838e+09
 1.47819838e+09 1.47819838e+09 1.47819838e+09 1.47819838e+09
 1.47819838e+09 1.47819838e+09 1.47819838e+09 1.47819838e+09
 1.47819838e+09 1.47819838e+09 1.47819838e+09 1.47819838e+09
 1.47819838e+09 1.47819838e+09 1.47819838e+09 1.47819838e+09
 1.47819838e+09 1.47819838e+09 1.47819838e+09 1.47819838e+09
 1.47819838e+09 1.47819838e+09 1.47819838e+09 1.47819838e+09
 1.47819838e+09 1.47819838e+09 1.47819838e+09 1.47819838e+09
 1.47819838e+09 1.47819838e+09 1.47819838e+09 1.47819838e+09
 1.47819838e+09 1.47819838e+09 1.47819838e+09 1.47819838e+09
 1.47819838e+09 1.47819838e+09 1.47819838e+09 1.47819838e+09
 1.47819838e+09 1.47819838e+09 1.47819838e+09 1.47819838e+09
 1.47819838e+09 1.47819838e+09 1.47819838e+09 1.47819838e+09
 1.47819838e+09 1.47819838e+09 1.47819838e+09 1.47819838e+09
 1.47819838e+09 1.47819838e+09 1.47819838e+09 1.47819838e+09
 1.47819838e+09 1.47819838e+09 1.47819838e+09 1.47819838e+09
 1.47819838e+09 1.47819838e+09 1.47819838e+09 1.47819838e+09
 1.47819838e+09 1.47819838e+09 1.47819838e+09 1.47819838e+09
 1.47819838e+09 1.47819838e+09 1.47819838e+09 1.47819838e+09
 1.47819838e+09 1.47819838e+09 1.47819838e+09 1.47819838e+09
 1.47819838e+09 1.47819838e+09 1.47819838e+09 1.47819838e+09
 1.47819838e+09 1.47819838e+09 1.47819838e+09 1.47819838e+09]
Data output [list([0, 3, 1, 6]) list([0, 1, 8, 15]) list([0, 2, 6, 0])
 list([0, 2, 10, 0]) list([0, 3, 2, 9]) list([0, 5, 4, 5])
 list([0, 0, 0, 2]) list([0, 1, 5, 3]) list([0, 2, 12, 0])
 list([0, 1, 3, 0]) list([0, 1, 3, 1]) list([0, 1, 4, 0])
 list([0, 3, 5, 0]) list([0, 4, 3, 15]) list([0, 3, 7, 0])
 list([0, 4, 4, 0]) list([0, 3, 1, 6]) list([0, 1, 8, 15])
 list([0, 2, 6, 0]) list([0, 2, 10, 0]) list([0, 3, 2, 9])
 list([0, 4, 15, 0]) list([0, 5, 4, 5]) list([0, 4, 3, 0])
 list([0, 4, 11, 1]) list([0, 1, 15, 1]) list([0, 1, 5, 3])
 list([0, 0, 0, 2]) list([0, 2, 12, 0]) list([0, 3, 5, 0])
 list([0, 1, 3, 0]) list([0, 1, 3, 1]) list([0, 1, 4, 0])
 list([0, 3, 7, 0]) list([0, 4, 3, 15]) list([0, 4, 4, 0])
 list([0, 5, 15, 0]) list([0, 1, 8, 15]) list([0, 2, 6, 0])
 list([0, 2, 10, 0]) list([0, 3, 1, 6]) list([0, 3, 2, 9])
 list([0, 5, 4, 5]) list([0, 0, 0, 2]) list([0, 1, 5, 3])
 list([0, 2, 12, 0]) list([0, 1, 3, 0]) list([0, 1, 3, 1])
 list([0, 1, 4, 0]) list([0, 3, 5, 0]) list([0, 4, 3, 15])
 list([0, 3, 7, 0]) list([0, 0, 10, 0]) list([0, 0, 10, 1])
 list([0, 4, 4, 0]) list([0, 3, 1, 6]) list([0, 1, 8, 15])
 list([0, 2, 6, 0]) list([0, 2, 10, 0]) list([0, 3, 2, 9])
 list([0, 4, 15, 0]) list([0, 5, 4, 5]) list([0, 4, 3, 0])
 list([0, 4, 11, 1]) list([0, 1, 15, 1]) list([0, 1, 5, 3])
 list([0, 0, 0, 2]) list([0, 2, 12, 0]) list([0, 3, 5, 0])
 list([0, 1, 3, 0]) list([0, 1, 3, 1]) list([0, 1, 4, 0])
 list([0, 3, 7, 0]) list([0, 4, 3, 15]) list([0, 4, 4, 0])
 list([0, 3, 1, 6]) list([0, 1, 8, 15]) list([0, 2, 6, 0])
 list([0, 2, 10, 0]) list([0, 3, 2, 9]) list([0, 5, 4, 5])
 list([0, 0, 0, 2]) list([0, 1, 5, 3]) list([0, 2, 12, 0])
 list([0, 1, 3, 0]) list([0, 1, 3, 1]) list([0, 1, 4, 0])
 list([0, 3, 5, 0]) list([0, 4, 3, 15]) list([0, 3, 7, 0])
 list([0, 4, 4, 0]) list([0, 3, 1, 6]) list([0, 1, 8, 15])
 list([0, 2, 6, 0]) list([0, 2, 10, 0]) list([0, 3, 2, 9])
 list([0, 4, 15, 0]) list([0, 5, 4, 5]) list([0, 6, 9, 0])
 list([0, 4, 3, 0])]
Data output [list([5, 33, 104, 9, 33, 33, 0, 111]) list([254, 91, 0, 0, 0, 60, 0, 0])
 list([25, 33, 34, 48, 8, 142, 109, 58])
 list([100, 0, 154, 29, 151, 2, 189, 0])
 list([64, 187, 127, 20, 17, 32, 0, 20])
 list([216, 0, 0, 138, 0, 0, 0, 0]) list([0, 0, 0, 0, 0, 3, 11, 17])
 list([0, 33, 16, 255, 0, 255, 0, 0]) list([20, 0, 0, 0, 0, 0, 0, 0])
 list([8, 128, 0, 255, 49, 128, 11, 127])
 list([229, 127, 0, 0, 72, 127, 11, 172])
 list([0, 0, 0, 0, 8, 34, 43, 163]) list([5, 32, 20, 104, 119, 0, 0, 46])
 list([0, 64, 96, 255, 126, 206, 8, 0]) list([0, 32, 0, 0, 0, 0, 0, 0])
 list([255, 0, 0, 0, 255, 206, 8, 0])
 list([5, 33, 104, 9, 33, 33, 0, 111]) list([254, 91, 0, 0, 0, 60, 0, 0])
 list([25, 33, 34, 48, 8, 142, 109, 7])
 list([4, 0, 154, 29, 151, 2, 189, 0])
 list([64, 187, 127, 20, 17, 32, 0, 20])
 list([0, 0, 0, 128, 0, 105, 209, 19]) list([216, 0, 0, 138, 0, 0, 0, 0])
 list([0, 0, 0, 0, 0, 0, 0, 0]) list([41, 39, 39, 35, 0, 0, 0, 154])
 list([8, 0, 0, 0, 0, 0, 0, 0]) list([0, 33, 16, 255, 0, 255, 0, 0])
 list([0, 0, 0, 0, 0, 3, 12, 66]) list([20, 0, 0, 0, 0, 0, 0, 0])
 list([5, 32, 36, 104, 119, 0, 0, 30])
 list([11, 128, 0, 255, 69, 128, 12, 133])
 list([14, 128, 0, 0, 56, 127, 12, 155])
 list([0, 0, 0, 0, 10, 33, 44, 39]) list([0, 32, 0, 0, 0, 0, 0, 0])
 list([0, 64, 96, 255, 126, 208, 8, 0])
 list([255, 0, 0, 0, 255, 208, 8, 0]) list([1, 0, 0, 0, 0, 0, 0, 0])
 list([254, 91, 0, 0, 0, 60, 0, 0])
 list([25, 33, 34, 48, 8, 142, 109, 24])
 list([36, 0, 154, 29, 151, 2, 189, 0])
 list([5, 33, 104, 9, 33, 33, 0, 111])
 list([64, 187, 127, 20, 17, 32, 0, 20])
 list([216, 0, 0, 136, 0, 0, 0, 0]) list([0, 0, 0, 0, 0, 3, 13, 95])
 list([0, 33, 16, 255, 0, 255, 0, 0]) list([20, 0, 0, 0, 0, 0, 0, 0])
 list([15, 128, 0, 255, 55, 128, 13, 186])
 list([18, 128, 0, 0, 48, 127, 13, 136])
 list([0, 0, 0, 0, 12, 35, 45, 167]) list([5, 32, 52, 104, 119, 0, 0, 14])
 list([0, 64, 96, 255, 126, 205, 8, 0]) list([0, 32, 0, 0, 0, 0, 0, 0])
 list([92, 132, 104, 9, 0, 31, 2, 0]) list([128, 137, 0, 0, 36, 0, 0, 0])
 list([255, 0, 0, 0, 255, 205, 8, 0])
 list([5, 33, 104, 9, 33, 33, 0, 111]) list([254, 91, 0, 0, 0, 60, 0, 0])
 list([25, 33, 33, 48, 8, 142, 109, 42])
 list([68, 0, 154, 29, 151, 2, 189, 0])
 list([64, 187, 127, 20, 17, 32, 0, 20])
 list([0, 0, 0, 128, 0, 105, 209, 19]) list([216, 0, 0, 136, 0, 0, 0, 0])
 list([0, 0, 0, 0, 0, 0, 0, 0]) list([41, 39, 39, 35, 0, 0, 0, 154])
 list([8, 0, 0, 0, 0, 0, 0, 0]) list([0, 33, 16, 255, 0, 255, 0, 0])
 list([0, 0, 0, 0, 0, 3, 14, 120]) list([20, 0, 0, 0, 0, 0, 0, 0])
 list([5, 32, 68, 104, 118, 0, 0, 127])
 list([16, 128, 0, 255, 33, 128, 14, 101])
 list([5, 128, 0, 0, 54, 127, 14, 157])
 list([0, 0, 0, 0, 14, 34, 46, 207]) list([0, 32, 0, 0, 0, 0, 0, 0])
 list([0, 64, 96, 255, 126, 202, 8, 0])
 list([255, 0, 0, 0, 255, 202, 8, 0]) list([5, 33, 96, 9, 33, 33, 0, 111])
 list([254, 91, 0, 0, 0, 60, 0, 0])
 list([25, 33, 34, 48, 8, 142, 109, 58])
 list([100, 0, 154, 29, 151, 2, 189, 0])
 list([64, 187, 127, 20, 17, 32, 0, 20])
 list([216, 89, 0, 138, 0, 0, 0, 0]) list([0, 0, 0, 0, 0, 3, 15, 101])
 list([0, 33, 16, 255, 0, 255, 0, 0]) list([20, 0, 0, 0, 0, 0, 0, 0])
 list([17, 128, 0, 255, 29, 128, 15, 7])
 list([5, 128, 0, 0, 70, 127, 15, 200]) list([0, 0, 0, 0, 16, 40, 47, 1])
 list([5, 32, 84, 104, 119, 0, 0, 110])
 list([0, 64, 96, 255, 126, 201, 8, 0]) list([0, 32, 0, 0, 0, 0, 0, 0])
 list([255, 0, 0, 0, 255, 201, 8, 0]) list([5, 34, 96, 9, 34, 33, 0, 111])
 list([254, 91, 0, 0, 0, 60, 0, 0]) list([25, 34, 34, 48, 8, 142, 113, 3])
 list([4, 0, 154, 29, 151, 2, 189, 0])
 list([134, 187, 127, 20, 17, 32, 0, 20])
 list([0, 0, 0, 128, 0, 105, 209, 19]) list([216, 0, 0, 138, 0, 0, 0, 0])
 list([0, 0, 0, 0, 160, 34, 0, 0]) list([0, 0, 0, 0, 0, 0, 0, 0])]
Data output [False False False False False False False False False False False False
 False False False False False False False False False False False False
 False False False False False False False False False False False False
 False False False False False False False False False False False False
 False False False False False False False False False False False False
 False False False False False False False False False False False False
 False False False False False False False False False False False False
 False False False False False False False False False False False False
 False False False False]
Aggregating data: Done
#Normal:  0        [[0, 3, 1, 6], [0, 1, 8, 15], [0, 2, 6, 0], [0...
1        [[0, 4, 11, 1], [0, 1, 15, 1], [0, 1, 5, 3], [...
2        [[0, 4, 4, 0], [0, 3, 1, 6], [0, 1, 8, 15], [0...
3        [[0, 2, 10, 0], [0, 3, 2, 9], [0, 5, 4, 5], [0...
4        [[0, 1, 3, 0], [0, 1, 3, 1], [0, 1, 4, 0], [0,...
                               ...                        
36652    [[0, 2, 12, 0], [0, 3, 7, 0], [0, 4, 4, 0], [0...
36653    [[0, 3, 5, 0], [0, 1, 3, 0], [0, 1, 3, 1], [0,...
36654    [[0, 5, 4, 5], [0, 4, 3, 15], [0, 2, 12, 0], [...
36655    [[0, 1, 5, 3], [0, 1, 3, 0], [0, 1, 3, 1], [0,...
36656    [[0, 0, 10, 1], [0, 3, 1, 6], [0, 1, 8, 15], [...
Name: header, Length: 25593, dtype: object
#Attack:  14       [[0, 0, 0, 2], [0, 2, 12, 0], [0, 3, 5, 0], [0...
15       [[0, 0, 0, 0], [0, 5, 4, 5], [0, 0, 0, 0], [0,...
16       [[0, 3, 5, 0], [0, 0, 0, 0], [0, 3, 7, 0], [0,...
17       [[0, 4, 3, 0], [0, 0, 0, 0], [0, 2, 12, 0], [0...
18       [[0, 0, 0, 0], [0, 0, 0, 0], [0, 0, 0, 0], [0,...
                               ...                        
26752    [[0, 0, 0, 0], [0, 3, 2, 9], [0, 0, 0, 0], [0,...
26753    [[0, 0, 0, 0], [0, 0, 0, 0], [0, 3, 7, 0], [0,...
26754    [[0, 0, 0, 0], [0, 1, 4, 0], [0, 2, 12, 0], [0...
26755    [[0, 0, 0, 0], [0, 0, 0, 0], [0, 0, 0, 0], [0,...
26756    [[0, 0, 0, 0], [0, 0, 0, 0], [0, 0, 0, 0], [0,...
Name: header, Length: 11064, dtype: object
./data/Processed/TFRecord_w100_s100
Attack: DoS ===============
Window size = 100, strided = 100
Reading ./data/Car-Hacking/DoS_dataset.csv: done
Pre-processing: Done
Data output [1.47819838e+09 1.47819838e+09 1.47819838e+09 1.47819838e+09
 1.47819838e+09 1.47819838e+09 1.47819838e+09 1.47819838e+09
 1.47819838e+09 1.47819838e+09 1.47819838e+09 1.47819838e+09
 1.47819838e+09 1.47819838e+09 1.47819838e+09 1.47819838e+09
 1.47819838e+09 1.47819838e+09 1.47819838e+09 1.47819838e+09
 1.47819838e+09 1.47819838e+09 1.47819838e+09 1.47819838e+09
 1.47819838e+09 1.47819838e+09 1.47819838e+09 1.47819838e+09
 1.47819838e+09 1.47819838e+09 1.47819838e+09 1.47819838e+09
 1.47819838e+09 1.47819838e+09 1.47819838e+09 1.47819838e+09
 1.47819838e+09 1.47819838e+09 1.47819838e+09 1.47819838e+09
 1.47819838e+09 1.47819838e+09 1.47819838e+09 1.47819838e+09
 1.47819838e+09 1.47819838e+09 1.47819838e+09 1.47819838e+09
 1.47819838e+09 1.47819838e+09 1.47819838e+09 1.47819838e+09
 1.47819838e+09 1.47819838e+09 1.47819838e+09 1.47819838e+09
 1.47819838e+09 1.47819838e+09 1.47819838e+09 1.47819838e+09
 1.47819838e+09 1.47819838e+09 1.47819838e+09 1.47819838e+09
 1.47819838e+09 1.47819838e+09 1.47819838e+09 1.47819838e+09
 1.47819838e+09 1.47819838e+09 1.47819838e+09 1.47819838e+09
 1.47819838e+09 1.47819838e+09 1.47819838e+09 1.47819838e+09
 1.47819838e+09 1.47819838e+09 1.47819838e+09 1.47819838e+09
 1.47819838e+09 1.47819838e+09 1.47819838e+09 1.47819838e+09
 1.47819838e+09 1.47819838e+09 1.47819838e+09 1.47819838e+09
 1.47819838e+09 1.47819838e+09 1.47819838e+09 1.47819838e+09
 1.47819838e+09 1.47819838e+09 1.47819838e+09 1.47819838e+09
 1.47819838e+09 1.47819838e+09 1.47819838e+09 1.47819838e+09]
Data output [list([0, 3, 1, 6]) list([0, 1, 8, 15]) list([0, 2, 6, 0])
 list([0, 2, 10, 0]) list([0, 3, 2, 9]) list([0, 5, 4, 5])
 list([0, 0, 0, 2]) list([0, 1, 5, 3]) list([0, 2, 12, 0])
 list([0, 1, 3, 0]) list([0, 1, 3, 1]) list([0, 1, 4, 0])
 list([0, 3, 5, 0]) list([0, 4, 3, 15]) list([0, 3, 7, 0])
 list([0, 4, 4, 0]) list([0, 3, 1, 6]) list([0, 1, 8, 15])
 list([0, 2, 6, 0]) list([0, 2, 10, 0]) list([0, 3, 2, 9])
 list([0, 4, 15, 0]) list([0, 5, 4, 5]) list([0, 4, 3, 0])
 list([0, 4, 11, 1]) list([0, 1, 15, 1]) list([0, 1, 5, 3])
 list([0, 0, 0, 2]) list([0, 2, 12, 0]) list([0, 3, 5, 0])
 list([0, 1, 3, 0]) list([0, 1, 3, 1]) list([0, 1, 4, 0])
 list([0, 3, 7, 0]) list([0, 4, 3, 15]) list([0, 4, 4, 0])
 list([0, 5, 15, 0]) list([0, 1, 8, 15]) list([0, 2, 6, 0])
 list([0, 2, 10, 0]) list([0, 3, 1, 6]) list([0, 3, 2, 9])
 list([0, 5, 4, 5]) list([0, 0, 0, 2]) list([0, 1, 5, 3])
 list([0, 2, 12, 0]) list([0, 1, 3, 0]) list([0, 1, 3, 1])
 list([0, 1, 4, 0]) list([0, 3, 5, 0]) list([0, 4, 3, 15])
 list([0, 3, 7, 0]) list([0, 0, 10, 0]) list([0, 0, 10, 1])
 list([0, 4, 4, 0]) list([0, 3, 1, 6]) list([0, 1, 8, 15])
 list([0, 2, 6, 0]) list([0, 2, 10, 0]) list([0, 3, 2, 9])
 list([0, 4, 15, 0]) list([0, 5, 4, 5]) list([0, 4, 3, 0])
 list([0, 4, 11, 1]) list([0, 1, 15, 1]) list([0, 1, 5, 3])
 list([0, 0, 0, 2]) list([0, 2, 12, 0]) list([0, 3, 5, 0])
 list([0, 1, 3, 0]) list([0, 1, 3, 1]) list([0, 1, 4, 0])
 list([0, 3, 7, 0]) list([0, 4, 3, 15]) list([0, 4, 4, 0])
 list([0, 3, 1, 6]) list([0, 1, 8, 15]) list([0, 2, 6, 0])
 list([0, 2, 10, 0]) list([0, 3, 2, 9]) list([0, 5, 4, 5])
 list([0, 0, 0, 2]) list([0, 1, 5, 3]) list([0, 2, 12, 0])
 list([0, 1, 3, 0]) list([0, 1, 3, 1]) list([0, 1, 4, 0])
 list([0, 3, 5, 0]) list([0, 4, 3, 15]) list([0, 3, 7, 0])
 list([0, 4, 4, 0]) list([0, 3, 1, 6]) list([0, 1, 8, 15])
 list([0, 2, 6, 0]) list([0, 2, 10, 0]) list([0, 3, 2, 9])
 list([0, 4, 15, 0]) list([0, 5, 4, 5]) list([0, 6, 9, 0])
 list([0, 4, 3, 0])]
Data output [list([5, 33, 104, 9, 33, 33, 0, 111]) list([254, 91, 0, 0, 0, 60, 0, 0])
 list([25, 33, 34, 48, 8, 142, 109, 58])
 list([100, 0, 154, 29, 151, 2, 189, 0])
 list([64, 187, 127, 20, 17, 32, 0, 20])
 list([216, 0, 0, 138, 0, 0, 0, 0]) list([0, 0, 0, 0, 0, 3, 11, 17])
 list([0, 33, 16, 255, 0, 255, 0, 0]) list([20, 0, 0, 0, 0, 0, 0, 0])
 list([8, 128, 0, 255, 49, 128, 11, 127])
 list([229, 127, 0, 0, 72, 127, 11, 172])
 list([0, 0, 0, 0, 8, 34, 43, 163]) list([5, 32, 20, 104, 119, 0, 0, 46])
 list([0, 64, 96, 255, 126, 206, 8, 0]) list([0, 32, 0, 0, 0, 0, 0, 0])
 list([255, 0, 0, 0, 255, 206, 8, 0])
 list([5, 33, 104, 9, 33, 33, 0, 111]) list([254, 91, 0, 0, 0, 60, 0, 0])
 list([25, 33, 34, 48, 8, 142, 109, 7])
 list([4, 0, 154, 29, 151, 2, 189, 0])
 list([64, 187, 127, 20, 17, 32, 0, 20])
 list([0, 0, 0, 128, 0, 105, 209, 19]) list([216, 0, 0, 138, 0, 0, 0, 0])
 list([0, 0, 0, 0, 0, 0, 0, 0]) list([41, 39, 39, 35, 0, 0, 0, 154])
 list([8, 0, 0, 0, 0, 0, 0, 0]) list([0, 33, 16, 255, 0, 255, 0, 0])
 list([0, 0, 0, 0, 0, 3, 12, 66]) list([20, 0, 0, 0, 0, 0, 0, 0])
 list([5, 32, 36, 104, 119, 0, 0, 30])
 list([11, 128, 0, 255, 69, 128, 12, 133])
 list([14, 128, 0, 0, 56, 127, 12, 155])
 list([0, 0, 0, 0, 10, 33, 44, 39]) list([0, 32, 0, 0, 0, 0, 0, 0])
 list([0, 64, 96, 255, 126, 208, 8, 0])
 list([255, 0, 0, 0, 255, 208, 8, 0]) list([1, 0, 0, 0, 0, 0, 0, 0])
 list([254, 91, 0, 0, 0, 60, 0, 0])
 list([25, 33, 34, 48, 8, 142, 109, 24])
 list([36, 0, 154, 29, 151, 2, 189, 0])
 list([5, 33, 104, 9, 33, 33, 0, 111])
 list([64, 187, 127, 20, 17, 32, 0, 20])
 list([216, 0, 0, 136, 0, 0, 0, 0]) list([0, 0, 0, 0, 0, 3, 13, 95])
 list([0, 33, 16, 255, 0, 255, 0, 0]) list([20, 0, 0, 0, 0, 0, 0, 0])
 list([15, 128, 0, 255, 55, 128, 13, 186])
 list([18, 128, 0, 0, 48, 127, 13, 136])
 list([0, 0, 0, 0, 12, 35, 45, 167]) list([5, 32, 52, 104, 119, 0, 0, 14])
 list([0, 64, 96, 255, 126, 205, 8, 0]) list([0, 32, 0, 0, 0, 0, 0, 0])
 list([92, 132, 104, 9, 0, 31, 2, 0]) list([128, 137, 0, 0, 36, 0, 0, 0])
 list([255, 0, 0, 0, 255, 205, 8, 0])
 list([5, 33, 104, 9, 33, 33, 0, 111]) list([254, 91, 0, 0, 0, 60, 0, 0])
 list([25, 33, 33, 48, 8, 142, 109, 42])
 list([68, 0, 154, 29, 151, 2, 189, 0])
 list([64, 187, 127, 20, 17, 32, 0, 20])
 list([0, 0, 0, 128, 0, 105, 209, 19]) list([216, 0, 0, 136, 0, 0, 0, 0])
 list([0, 0, 0, 0, 0, 0, 0, 0]) list([41, 39, 39, 35, 0, 0, 0, 154])
 list([8, 0, 0, 0, 0, 0, 0, 0]) list([0, 33, 16, 255, 0, 255, 0, 0])
 list([0, 0, 0, 0, 0, 3, 14, 120]) list([20, 0, 0, 0, 0, 0, 0, 0])
 list([5, 32, 68, 104, 118, 0, 0, 127])
 list([16, 128, 0, 255, 33, 128, 14, 101])
 list([5, 128, 0, 0, 54, 127, 14, 157])
 list([0, 0, 0, 0, 14, 34, 46, 207]) list([0, 32, 0, 0, 0, 0, 0, 0])
 list([0, 64, 96, 255, 126, 202, 8, 0])
 list([255, 0, 0, 0, 255, 202, 8, 0]) list([5, 33, 96, 9, 33, 33, 0, 111])
 list([254, 91, 0, 0, 0, 60, 0, 0])
 list([25, 33, 34, 48, 8, 142, 109, 58])
 list([100, 0, 154, 29, 151, 2, 189, 0])
 list([64, 187, 127, 20, 17, 32, 0, 20])
 list([216, 89, 0, 138, 0, 0, 0, 0]) list([0, 0, 0, 0, 0, 3, 15, 101])
 list([0, 33, 16, 255, 0, 255, 0, 0]) list([20, 0, 0, 0, 0, 0, 0, 0])
 list([17, 128, 0, 255, 29, 128, 15, 7])
 list([5, 128, 0, 0, 70, 127, 15, 200]) list([0, 0, 0, 0, 16, 40, 47, 1])
 list([5, 32, 84, 104, 119, 0, 0, 110])
 list([0, 64, 96, 255, 126, 201, 8, 0]) list([0, 32, 0, 0, 0, 0, 0, 0])
 list([255, 0, 0, 0, 255, 201, 8, 0]) list([5, 34, 96, 9, 34, 33, 0, 111])
 list([254, 91, 0, 0, 0, 60, 0, 0]) list([25, 34, 34, 48, 8, 142, 113, 3])
 list([4, 0, 154, 29, 151, 2, 189, 0])
 list([134, 187, 127, 20, 17, 32, 0, 20])
 list([0, 0, 0, 128, 0, 105, 209, 19]) list([216, 0, 0, 138, 0, 0, 0, 0])
 list([0, 0, 0, 0, 160, 34, 0, 0]) list([0, 0, 0, 0, 0, 0, 0, 0])]
Data output [False False False False False False False False False False False False
 False False False False False False False False False False False False
 False False False False False False False False False False False False
 False False False False False False False False False False False False
 False False False False False False False False False False False False
 False False False False False False False False False False False False
 False False False False False False False False False False False False
 False False False False False False False False False False False False
 False False False False]
Label before use:  0        [False, False, False, False, False, False, Fal...
1        [False, False, False, False, False, False, Fal...
2        [False, False, False, False, False, False, Fal...
3        [False, False, False, False, False, False, Fal...
4        [False, False, False, False, False, False, Fal...
                               ...                        
36652    [False, False, False, False, False, False, Fal...
36653    [False, False, False, False, False, False, Fal...
36654    [False, False, False, False, False, False, Fal...
36655    [False, False, False, False, False, False, Fal...
36656    [False, False, False, False, False, False, Fal...
Name: label, Length: 36657, dtype: object
Label after use:  0        0
1        0
2        0
3        0
4        0
        ..
36652    0
36653    0
36654    0
36655    0
36656    0
Name: label, Length: 36657, dtype: int64
Aggregating data: Done
#Normal:  25593
#Attack:  11064
